1962 01 143.6 14.5 25 
1962 02 66.2 13.2 18 
1962 03 78.6 15.4 16 
1962 04 65.6 17.8 16 
1962 05 44.5 6 19 
1962 06 59.1 13.7 18 
1962 07 43.9 11.7 16 
1962 08 135.8 17.2 26 
1962 09 123 42.8 23 
1962 10 38.9 8.9 12 
1962 11 97.3 18 19 
1962 12 95.4 19.6 21 
1963 01 35.2 9.5 9 
1963 02 34.4 12.7 7 
1963 03 89.2 16.8 18 
1963 04 59.8 12.2 18 
1963 05 101.1 14.1 23 
1963 06 54.2 12.5 14 
1963 07 71.8 26.2 18 
1963 08 58.8 7.8 18 
1963 09 92.5 19.7 19 
1963 10 148.9 17.5 23 
1963 11 191.3 37.2 25 
1963 12 41 11.8 14 
1964 01 48.5 8.6 14 
1964 02 22.7 7.4 10 
1964 03 38 9.2 13 
1964 04 64.9 12.2 22 
1964 05 55.2 26.9 17 
1964 06 101.1 27.2 20 
1964 07 76.1 11.8 22 
1964 08 100.4 23.6 22 
1964 09 132.4 24.8 22 
1964 10 115.3 24 20 
1964 11 94.7 11.5 18 
1964 12 147.9 23.3 26 
1965 01 107.1 12.9 20 
1965 02 15.9 3.6 11 
1965 03 87.5 11.3 18 
1965 04 73.6 16.1 20 
1965 05 46.7 7.6 19 
1965 06 105.3 32.5 21 
1965 07 64 12.6 16 
1965 08 110 19.6 23 
1965 09 98.8 19.7 22 
1965 10 112.6 27 15 
1965 11 97.9 22.8 23 
1965 12 113.8 13.1 27 
1966 01 54.1 15.5 12 
1966 02 104.5 20.4 23 
1966 03 100.2 9.9 24 
1966 04 56.6 13.8 14 
1966 05 65.7 17.3 17 
1966 06 88.9 15 22 
1966 07 72 11.3 21 
1966 08 55.1 19.3 13 
1966 09 86.3 17.9 15 
1966 10 77.9 15 25 
1966 11 94.8 18.1 23 
1966 12 173.4 22.9 28 
1967 01 79.3 9.4 23 
1967 02 82.2 12 18 
1967 03 104.2 13.2 27 
1967 04 43.6 9.8 13 
1967 05 66.7 16.9 17 
1967 06 50.7 12.3 13 
1967 07 69 10.1 19 
1967 08 110.9 29.8 19 
1967 09 143 32.4 22 
1967 10 223.6 18.3 31 
1967 11 143.2 56.1 24 
1967 12 124.8 17.9 26 
1968 01 160.5 36.9 26 
1968 02 62.4 17.4 15 
1968 03 104.9 17.7 23 
1968 04 57.7 26.4 16 
1968 05 73.1 13.5 20 
1968 06 59.9 12.6 20 
1968 07 25 11.1 9 
1968 08 47.2 16.8 12 
1968 09 97.3 12.6 19 
1968 10 149.3 29 22 
1968 11 65.4 25.5 14 
1968 12 72.2 22.2 19 
1969 01 139.3 20.6 26 
1969 02 106.3 11.2 22 
1969 03 45.1 18.7 11 
1969 04 50.2 8.3 15 
1969 05 52 6.6 23 
1969 06 62.3 12.9 14 
1969 07 47.7 10.6 18 
1969 08 66.3 18.2 17 
1969 09 76.9 12.8 17 
1969 10 91.1 12 23 
1969 11 195.5 41.1 29 
1969 12 118.8 23.6 22 
1970 01 59.8 8 20 
1970 02 143.7 15.8 24 
1970 03 76.1 9.6 24 
1970 04 81.2 12.4 25 
1970 05 50.5 7.6 20 
1970 06 54.2 10.6 17 
1970 07 105.7 15.6 26 
1970 08 83.3 19.3 12 
1970 09 106.4 11.5 26 
1970 10 163.6 20.7 25 
1970 11 147.2 24.2 27 
1970 12 58.5 13.8 19 
1971 01 81.6 12.9 22 
1971 02 94.9 19 14 
1971 03 65.1 12.2 22 
1971 04 76.2 36.1 11 
1971 05 95 20.4 17 
1971 06 88.6 20.4 17 
1971 07 46.1 24.8 9 
1971 08 131.1 34.8 20 
1971 09 24.1 5.4 12 
1971 10 90.7 8.9 20 
1971 11 143.5 28.4 28 
1971 12 53 7.8 15 
1972 01 113.7 13.3 20 
1972 02 38.7 9.7 15 
1972 03 97.2 17.9 16 
1972 04 104.3 21.1 19 
1972 05 86.3 12.2 19 
1972 06 88.6 12.1 23 
1972 07 44.8 18.9 15 
1972 08 85.7 38.5 15 
1972 09 25.2 6 13 
1972 10 47.1 15.9 13 
1972 11 140.1 13 25 
1972 12 91.8 13.8 22 
1973 01 99.8 20.7 20 
1973 02 82.6 18.5 22 
1973 03 41 8.8 15 
1973 04 64.2 19 18 
1973 05 75.2 14.4 23 
1973 06 42.3 16.1 18 
1973 07 88.5 19.9 18 
1973 08 101 12.8 22 
1973 09 121.6 21.1 17 
1973 10 66 19.1 17 
1973 11 123.2 21 23 
1973 12 135.4 33.5 23 
1974 01 130.9 15.3 26 
1974 02 77.3 13.6 19 
1974 03 50.1 7.8 13 
1974 04 9.9 6.4 5 
1974 05 56 13.7 19 
1974 06 42.8 11.7 17 
1974 07 87.9 15.9 26 
1974 08 82.2 11.2 22 
1974 09 123.3 13.9 26 
1974 10 63 11.3 24 
1974 11 130 18 26 
1974 12 132.8 13.9 30 
1975 01 155.4 19.7 30 
1975 02 17.3 4.9 8 
1975 03 60 10.8 16 
1975 04 62.5 13.8 21 
1975 05 15.7 6.9 8 
1975 06 29.3 6.9 15 
1975 07 85.1 19.7 22 
1975 08 58.3 10.4 18 
1975 09 122 23.1 26 
1975 10 91.8 23.1 15 
1975 11 101.2 17.9 23 
1975 12 65.3 10.4 28 
1976 01 144.6 13.7 25 
1976 02 48.7 11.6 14 
1976 03 65.7 9.6 19 
1976 04 21.3 5.8 12 
1976 05 114.6 17.3 24 
1976 06 54.2 8.9 18 
1976 07 93 24.2 22 
1976 08 19.4 9.8 10 
1976 09 67 26.3 15 
1976 10 136.5 21.7 27 
1976 11 123.9 27.7 20 
1976 12 93.3 10.8 25 
1977 01 68.2 10.1 19 
1977 02 151.1 21.1 20 
1977 03 64.4 10.1 23 
1977 04 88.9 7.7 27 
1977 05 30.9 11.4 11 
1977 06 43.5 10.2 15 
1977 07 79.1 14.7 16 
1977 08 57.1 23.4 9 
1977 09 120.6 35.8 18 
1977 10 99.5 12.7 22 
1977 11 161 20.2 24 
1977 12 63.2 13 22 
1978 01 162.6 33.7 27 
1978 02 58 15.2 16 
1978 03 133.3 14.1 26 
1978 04 25.4 4.5 14 
1978 05 30.9 5.5 14 
1978 06 55.7 7.6 19 
1978 07 39.5 5.8 22 
1978 08 76.1 22.9 19 
1978 09 168.2 38.9 23 
1978 10 70.2 10.8 22 
1978 11 149.6 38.5 24 
1978 12 124.7 22.7 24 
1979 01 143 18.7 24 
1979 02 24.2 5.1 9 
1979 03 96.6 11.7 25 
1979 04 53.3 10.5 22 
1979 05 82.8 11.3 24 
1979 06 68.5 14.3 18 
1979 07 68 10.3 22 
1979 08 84.6 11.4 20 
1979 09 83.2 13.3 23 
1979 10 111.7 16.3 22 
1979 11 202.9 23.2 28 
1979 12 120.6 16.2 26 
1980 01 75.3 14.1 17 
1980 02 80.6 17.9 20 
1980 03 88.8 16.1 24 
1980 04 22 5.1 11 
1980 05 19.9 7.2 9 
1980 06 74.3 14.6 21 
1980 07 110.2 16.1 22 
1980 08 97.9 15.6 19 
1980 09 154.4 17.4 27 
1980 10 151.9 23.2 24 
1980 11 95.1 11.4 22 
1980 12 113.5 16 29 
1981 01 150.5 22.3 27 
1981 02 73.5 24.1 14 
1981 03 102 15.8 19 
1981 04 36.8 13.6 11 
1981 05 115.5 29.8 21 
1981 06 77.6 13.8 20 
1981 07 86.4 17.5 21 
1981 08 71.5 24.4 13 
1981 09 129.2 15.2 23 
1981 10 153.3 24.6 27 
1981 11 112.2 11.9 25 
1981 12 74.7 15.8 20 
1982 01 99.9 29.9 17 
1982 02 63.1 9.1 19 
1982 03 126.6 23.7 20 
1982 04 22.9 5.3 13 
1982 05 81.9 14 19 
1982 06 102.3 27.3 14 
1982 07 16.5 5.4 10 
1982 08 169.6 26.4 26 
1982 09 111.8 17.6 25 
1982 10 92.5 16.3 23 
1982 11 139.1 12.9 26 
1982 12 134.7 16.6 25 
1983 01 149.8 15.9 29 
1983 02 41.7 8.8 13 
1983 03 106.2 18.6 24 
1983 04 49.7 9.7 15 
1983 05 52.9 19.1 15 
1983 06 45.9 16.7 15 
1983 07 24.3 9.5 13 
1983 08 39.1 7.1 17 
1983 09 69.2 10.6 23 
1983 10 186.2 21.8 25 
1983 11 28.1 7.2 13 
1983 12 130.4 22.3 26 
1984 01 183.8 20 27 
1984 02 108.8 17.4 18 
1984 03 42.4 12.7 14 
1984 04 36.6 7.4 14 
1984 05 28.1 6 15 
1984 06 59.5 14.4 16 
1984 07 44.9 7.9 16 
1984 08 64.5 14.9 15 
1984 09 117.7 25.3 25 
1984 10 119.4 32.6 25 
1984 11 113.1 15 24 
1984 12 101.5 14.1 21 
1985 01 106.2 19.5 21 
1985 02 33.6 7.7 9 
1985 03 100.7 20.8 19 
1985 04 77.9 10 23 
1985 05 56.4 15.3 15 
1985 06 53.7 7.6 24 
1985 07 152.3 21.8 24 
1985 08 180.8 26.7 28 
1985 09 218.9 53.5 25 
1985 10 30.4 9.3 11 
1985 11 74.8 10.4 20 
1985 12 90.1 16.1 24 
1986 01 182.7 17.4 28 
1986 02 9.9 4.6 6 
1986 03 123.5 17.7 24 
1986 04 69.6 15.7 19 
1986 05 98.9 12.9 26 
1986 06 42.1 9.3 18 
1986 07 76.2 18.5 29 
1986 08 83.9 17.7 21 
1986 09 29.3 12.1 15 
1986 10 89.2 13 23 
1986 11 137.8 17.5 26 
1986 12 218.9 29.2 30 
1987 01 38.1 9.1 13 
1987 02 73.6 22.1 18 
1987 03 100.2 12.1 25 
1987 04 40.1 10.7 16 
1987 05 45.6 12.3 16 
1987 06 74.8 16 19 
1987 07 121.6 25.2 23 
1987 08 82.1 19.9 21 
1987 09 93 18.5 22 
1987 10 166.4 62.3 21 
1987 11 68.4 11.8 19 
1987 12 49.2 9.8 13 
1988 01 180.1 26.1 25 
1988 02 122.5 19.4 24 
1988 03 122.8 16 28 
1988 04 29.8 8.7 12 
1988 05 32.3 6.8 13 
1988 06 38.2 18.6 12 
1988 07 147.3 13.6 25 
1988 08 121.4 14.5 29 
1988 09 125.6 21.3 22 
1988 10 112.9 16.3 21 
1988 11 53.8 9.4 17 
1988 12 81.9 16.2 24 
1989 01 78.2 11.3 21 
1989 02 136.2 13.4 26 
1989 03 135.4 14.5 27 
1989 04 114.9 29.8 18 
1989 05 27.3 12.8 12 
1989 06 49.2 11 14 
1989 07 57.8 10 15 
1989 08 137.1 14.8 30 
1989 09 44.4 6.6 18 
1989 10 188.5 48.5 28 
1989 11 63.5 14.5 16 
1989 12 46.1 22.3 16 
1990 01 158.7 30.7 25 
1990 02 200.2 21.2 26 
1990 03 71.8 11.7 25 
1990 04 68.8 8.7 19 
1990 05 26.2 7.6 10 
1990 06 115.7 13.9 20 
1990 07 55.5 18 15 
1990 08 95.2 11.8 25 
1990 09 66.9 17.8 20 
1990 10 250.4 34.8 21 
1990 11 69.3 14.7 18 
1990 12 132.1 16.1 19 
1991 01 110.9 19.6 23 
1991 02 48.3 8.3 16 
1991 03 67.1 16.2 21 
1991 04 111.2 20.8 20 
1991 05 18.4 4.3 11 
1991 06 114.4 20.4 21 
1991 07 85.2 12.6 20 
1991 08 65.5 21.9 18 
1991 09 74.9 11.1 16 
1991 10 101.9 24.3 20 
1991 11 158.5 20.2 25 
1991 12 117.6 29.6 12 
1992 01 108.7 30.7 16 
1992 02 89.7 19.1 22 
1992 03 152 14.9 28 
1992 04 100.3 13 23 
1992 05 44.5 6.9 15 
1992 06 53.5 16.5 14 
1992 07 81.8 13.1 23 
1992 08 173.4 27.8 24 
1992 09 85.6 12.2 21 
1992 10 108.9 13.3 23 
1992 11 167.7 15.9 27 
1992 12 113.4 28.5 22 
1993 01 162.3 20.4 27 
1993 02 33.5 7.5 19 
1993 03 63.5 11.7 21 
1993 04 124.5 21.6 20 
1993 05 52.7 12.9 17 
1993 06 69.3 20.1 21 
1993 07 99.3 11.5 25 
1993 08 55.7 13.3 18 
1993 09 82.5 24.2 17 
1993 10 36.6 10.4 12 
1993 11 61.7 17.7 11 
1993 12 229.7 33.9 31 
1994 01 145.1 11.3 28 
1994 02 119.2 28.2 17 
1994 03 152.3 13.9 30 
1994 04 83.9 10.3 21 
1994 05 18.8 3.7 11 
1994 06 98.3 13.5 21 
1994 07 67.6 14.5 20 
1994 08 76.5 18.5 22 
1994 09 103.7 18.1 22 
1994 10 63.8 12.1 21 
1994 11 99.5 16.6 19 
1994 12 159.9 25.5 26 
1995 01 185.2 28.2 26 
1995 02 158.3 27.9 26 
1995 03 144.2 13 28 
1995 04 42.8 8.3 17 
1995 05 74.1 35 21 
1995 06 32.5 8.8 11 
1995 07 57.9 10.7 23 
1995 08 13.3 2.7 11 
1995 09 111.4 26.9 20 
1995 10 187.9 47.3 24 
1995 11 86.9 15.3 20 
1995 12 80.9 31.8 15 
1996 01 42.1 9.3 17 
1996 02 74.4 13.8 19 
1996 03 18.9 5.9 16 
1996 04 78 9.7 20 
1996 05 75.6 19.5 16 
1996 06 53.6 10.8 14 
1996 07 66.2 13 21 
1996 08 131.5 49.9 20 
1996 09 48 12.8 11 
1996 10 153.4 20.7 29 
1996 11 127.4 15.7 27 
1996 12 55.8 9.9 15 
1997 01 22.2 6.1 14 
1997 02 145.5 14.5 28 
1997 03 85 12.8 22 
1997 04 49.6 26.3 11 
1997 05 89.1 20.8 16 
1997 06 53 14.7 18 
1997 07 78.5 13 22 
1997 08 74.9 18.9 20 
1997 09 84.9 23.4 17 
1997 10 71.9 17 18 
1997 11 75.2 12.1 22 
1997 12 170.3 35.8 25 
1998 01 119.8 20.8 24 
1998 02 98.8 13.3 21 
1998 03 76.9 14.5 23 
1998 04 52 8.2 25 
1998 05 45.3 15.8 16 
1998 06 92.7 18.4 20 
1998 07 137.2 18.3 26 
1998 08 161.3 30.5 20 
1998 09 53.7 13.5 17 
1998 10 173 20.4 25 
1998 11 142.9 26 26 
1998 12 133.9 26.3 28 
1999 01 145.7 13 29 
1999 02 120.7 29.7 25 
1999 03 58.1 9.5 23 
1999 04 76.4 15.1 23 
1999 05 55 12 15 
1999 06 97.9 17.1 18 
1999 07 74.6 11 20 
1999 08 63.4 11.3 19 
1999 09 170.3 24.4 23 
1999 10 88.2 19.6 19 
1999 11 147.1 28.1 19 
1999 12 241.9 28 29 
2000 01 104.2 23.4 23 
2000 02 128.2 14.6 24 
2000 03 65.5 11.6 18 
2000 04 77.5 15.8 17 
2000 05 38.5 6.4 17 
2000 06 43.6 9.1 16 
2000 07 50.7 13.8 10 
2000 08 100.2 30.9 17 
2000 09 170.8 34.9 24 
2000 10 174.3 22.2 29 
2000 11 101.7 16.9 26 
2000 12 120.7 20.9 23 
2001 01 61.8 15.1 15 
2001 02 89.2 19.8 20 
2001 03 26.4 4.9 11 
2001 04 54.2 16.1 17 
2001 05 34.7 16.4 15 
2001 06 58.6 9.2 19 
2001 07 72.5 16.8 16 
2001 08 89.5 18 21 
2001 09 56 8.7 19 
2001 10 93.5 17.8 24 
2001 11 123.2 13.8 24 
2001 12 97.1 22.4 20 
2002 01 91.5 9.7 23 
2002 02 164.2 20.9 26 
2002 03 75.3 11.9 18 
2002 04 72.5 20 16 
2002 05 81.8 10.2 26 
2002 06 111.3 16.8 24 
2002 07 72.4 10.8 22 
2002 08 53.7 11 14 
2002 09 61.6 20.5 11 
2002 10 143.4 29.8 23 
2002 11 90 16.8 22 
2002 12 45.7 12.4 16 
2003 01 90.2 12.2 21 
2003 02 45.9 13.3 12 
2003 03 41.2 12.6 10 
2003 04 32.9 8.8 11 
2003 05 104.4 20.9 25 
2003 06 69.8 13.9 17 
2003 07 94.7 19.8 23 
2003 08 23 10.7 13 
2003 09 73.2 9.2 25 
2003 10 66.3 16.7 18 
2003 11 99.8 12.4 25 
2003 12 102.3 17.4 21 
2004 01 158.3 20.3 29 
2004 02 44.1 7.8 15 
2004 03 53.8 8.7 17 
2004 04 74.8 13.5 21 
2004 05 35.3 20.3 11 
2004 06 108.3 26.7 23 
2004 07 98.6 15.3 19 
2004 08 80.2 13.7 17 
2004 09 136.7 23.8 24 
2004 10 112 21.6 19 
2004 11 94.6 14.2 22 
2004 12 142.2 22.5 26 
2005 01 139.1 24.7 26 
2005 02 75.2 34.3 18 
2005 03 65.2 23.4 20 
2005 04 78.8 15.3 17 
2005 05 94.6 21.7 21 
2005 06 65.9 12.4 18 
2005 07 24.3 6.7 13 
2005 08 128 25.8 20 
2005 09 94 18.5 18 
2005 10 109.5 21 16 
2005 11 107.7 13.5 22 
2005 12 103.8 15.6 18 
2006 01 67.6 18.4 15 
2006 02 40.6 9.3 11 
2006 03 107.2 31.4 23 
2006 04 69.9 11.9 19 
2006 05 73.4 11.4 19 
2006 06 63.3 15.6 12 
2006 07 74.1 11.7 17 
2006 08 73.1 15.5 22 
2006 09 112.7 21.5 21 
2006 10 123.9 30.4 18 
2006 11 170.2 22.6 24 
2006 12 184.7 19.1 23 
2007 01 161.5 19.4 27 
2007 02 69.3 19.5 23 
2007 03 59.7 6.7 19 
2007 04 32.6 16.4 11 
2007 05 101.8 17.3 18 
2007 06 83.3 16.4 12 
2007 07 105.4 19.1 20 
2007 08 86.2 18.6 20 
2007 09 79.5 23.7 22 
2007 10 77 31.2 15 
2007 11 102.1 18.5 24 
2007 12 109.4 19.4 20 
2008 01 188.9 21.6 28 
2008 02 89.6 10.4 19 
2008 03 142.7 15.2 29 
2008 04 54.2 12.7 18 
2008 05 7.4 3.7 7 
2008 06 74.8 18.9 24 
2008 07 125.8 27.7 20 
2008 08 123.2 19.5 23 
2008 09 89.9 15.2 18 
2008 10 144.8 16.7 30 
2008 11 115.6 13.8 25 
2008 12 85.7 18.8 18 
2009 01 98.8 11.4 25 
2009 02 42 6.5 18 
2009 03 86 11.2 19 
2009 04 97.1 25.1 16 
2009 05 92.8 14.7 21 
2009 06 49.3 12.6 11 
2009 07 70.6 9.4 20 
2009 08 165.9 20.3 26 
2009 09 71 13.9 17 
2009 10 118.5 32.4 20 
2009 11 217.7 31.6 30 
2009 12 57 12.7 19 
2010 01 70.1 7.4 23 
2010 02 87 28.2 18 
2010 03 81.6 35.7 15 
2010 04 52.7 11.6 16 
2010 05 51.5 9.7 18 
2010 06 43.3 15.5 10 
2010 07 128.6 19.8 27 
2010 08 66.9 20.8 21 
2010 09 144.1 29.1 23 
2010 10 69.8 10.4 20 
2010 11 115.6 17.8 24 
2010 12 69 13.1 22 
2011 01 89.6 15.8 20 
2011 02 104.4 20.7 23 
2011 03 58.7 10.3 18 
2011 04 66.2 24.1 14 
2011 05 100.4 8.5 28 
2011 06 84.5 15.9 20 
2011 07 50.3 11.3 17 
2011 08 78.6 12.8 25 
2011 09 133 17 23 
2011 10 177.2 24.1 28 
2011 11 105 14 20 
2011 12 183.4 18.2 31 
