1962 01 147.6 17 24 
1962 02 37.7 12.1 13 
1962 03 68.7 28.5 13 
1962 04 57.5 17.3 15 
1962 05 49.1 6.5 16 
1962 06 46.1 20.5 14 
1962 07 53.9 10.4 15 
1962 08 131.9 23.5 22 
1962 09 107.6 18.1 19 
1962 10 47.5 15.8 10 
1962 11 83 15.4 14 
1962 12 90.6 18.3 19 
1963 01 11.2 5.3 7 
1963 02 34.7 6.4 10 
1963 03 82.2 12.6 21 
1963 04 59.4 10.7 23 
1963 05 54.3 10.4 19 
1963 06 46 6.8 16 
1963 07 57.8 10.3 21 
1963 08 91.5 15.8 25 
1963 09 61.1 14 18 
1963 10 116.1 29.5 24 
1963 11 145.3 21.2 25 
1963 12 29.8 12 9 
1964 01 48.5 12.1 12 
1964 02 20.4 2.9 12 
1964 03 74.8 13.5 17 
1964 04 62.1 6 22 
1964 05 82 16.4 19 
1964 06 106 29.7 18 
1964 07 69.5 22.3 15 
1964 08 99.4 33.9 17 
1964 09 68.5 13 18 
1964 10 96.4 16.9 19 
1964 11 74.8 15 16 
1964 12 148.7 34.7 18 
1965 01 127.7 15.8 21 
1965 02 4.7 2.4 6 
1965 03 65.8 20.2 16 
1965 04 95.8 22.2 23 
1965 05 94.3 27 18 
1965 06 99.2 13.9 18 
1965 07 69.3 13.2 19 
1965 08 87.2 16.7 22 
1965 09 49.9 18.1 15 
1965 10 26.9 12.2 13 
1965 11 87.9 12.8 21 
1965 12 159.4 24.7 25 
1966 01 73.1 11.4 16 
1966 02 93.7 10.6 24 
1966 03 47.8 11.5 17 
1966 04 116.5 20.1 18 
1966 05 89.9 10.7 19 
1966 06 133.3 13.3 22 
1966 07 39.7 19 11 
1966 08 96.1 35.9 17 
1966 09 59.2 14.8 13 
1966 10 78.1 18.2 20 
1966 11 50.2 7.8 20 
1966 12 100 12.1 28 
1967 01 57.4 11.9 19 
1967 02 119.1 26.4 19 
1967 03 60.7 10.9 21 
1967 04 29.6 10.2 10 
1967 05 86 13.9 23 
1967 06 35.4 13.3 12 
1967 07 44.6 5.2 19 
1967 08 68.9 10.5 20 
1967 09 94.4 15.4 22 
1967 10 167.9 27.6 27 
1967 11 71.5 16.1 19 
1967 12 42.6 7.8 20 
1968 01 113.6 17.4 21 
1968 02 24.5 8 7 
1968 03 73.7 17.7 17 
1968 04 39.2 7.3 18 
1968 05 43 12.1 15 
1968 06 49.6 12.5 15 
1968 07 32.7 11.2 10 
1968 08 76.2 26.4 16 
1968 09 141.7 25 23 
1968 10 93.2 19.1 18 
1968 11 90 21.8 17 
1968 12 163.9 50.4 19 
1969 01 141.8 24.8 25 
1969 02 43.9 10.5 13 
1969 03 44.4 9.4 11 
1969 04 61.5 12.7 17 
1969 05 61.5 8.7 20 
1969 06 75.4 16.6 15 
1969 07 31.1 12.5 11 
1969 08 30.6 7.2 13 
1969 09 49.6 23.4 11 
1969 10 52.5 19.6 18 
1969 11 115.4 22.5 21 
1969 12 116.5 18 23 
1970 01 47 9.1 19 
1970 02 136.6 16.7 22 
1970 03 45.9 10.1 18 
1970 04 93.2 14.6 24 
1970 05 35.4 15.7 12 
1970 06 46.2 13.1 13 
1970 07 98.8 27.2 22 
1970 08 52.6 22.3 13 
1970 09 94.2 9.6 24 
1970 10 75.3 17.1 18 
1970 11 170.2 26.5 25 
1970 12 46.4 8.9 14 
1971 01 67.7 8 17 
1971 02 65 12.5 12 
1971 03 63.6 12.7 18 
1971 04 29.7 7.7 8 
1971 05 24.3 8.7 12 
1971 06 68.2 28.5 15 
1971 07 39.1 11.5 10 
1971 08 70.4 12.3 18 
1971 09 57.3 13 10 
1971 10 97 26 21 
1971 11 88.2 27.5 22 
1971 12 38.6 11 13 
1972 01 103.8 17.9 19 
1972 02 59.4 11.9 17 
1972 03 85.5 14.1 17 
1972 04 72.5 11.7 16 
1972 05 84.6 10.6 23 
1972 06 65.8 14.8 22 
1972 07 57.4 24.4 15 
1972 08 57.7 14.7 15 
1972 09 13.2 5.1 8 
1972 10 43.8 13.3 14 
1972 11 145.3 33 20 
1972 12 105.8 16.7 21 
1973 01 70.7 15.6 21 
1973 02 92.8 19.5 23 
1973 03 30.5 7.6 10 
1973 04 40.8 20.5 14 
1973 05 104.3 16.2 22 
1973 06 17.3 5.9 13 
1973 07 65.6 11.7 19 
1973 08 110.5 20.4 19 
1973 09 116.2 22.7 15 
1973 10 50.8 9.8 18 
1973 11 143.8 26.2 20 
1973 12 98.5 24.6 21 
1974 01 168.2 29 28 
1974 02 102.4 17.6 21 
1974 03 40.7 8.3 11 
1974 04 21.4 8.7 6 
1974 05 52 7 16 
1974 06 37.1 13.1 10 
1974 07 82.1 12.2 25 
1974 08 139 27.9 24 
1974 09 170.1 24.6 27 
1974 10 53.7 21.2 17 
1974 11 97.3 17.5 23 
1974 12 88.5 10.1 28 
1975 01 125.5 25.4 25 
1975 02 41.7 8 16 
1975 03 43.9 8.9 15 
1975 04 58 14.3 20 
1975 05 28.6 8.6 9 
1975 06 15.7 7.6 8 
1975 07 75.7 13.5 17 
1975 08 37.6 17.3 15 
1975 09 145 35.5 21 
1975 10 81.7 21.8 18 
1975 11 83.9 19 19 
1975 12 73.5 36.2 17 
1976 01 126 21.2 20 
1976 02 57.9 21.6 15 
1976 03 59 13.3 19 
1976 04 21.4 10.4 6 
1976 05 65.3 12.6 24 
1976 06 34.4 8.6 13 
1976 07 59.5 13.2 14 
1976 08 13.5 5.1 7 
1976 09 93.1 14.6 16 
1976 10 136.3 33 23 
1976 11 85.8 12.8 18 
1976 12 111.6 18.3 22 
1977 01 50.5 8.8 16 
1977 02 102.6 14.9 20 
1977 03 67.9 11 20 
1977 04 75.2 13.1 21 
1977 05 22.1 4.4 12 
1977 06 44.3 17.6 11 
1977 07 71.4 29.5 12 
1977 08 93.1 18.5 15 
1977 09 70.4 15.3 15 
1977 10 88.3 15 25 
1977 11 145.7 21.3 22 
1977 12 71.4 7.9 22 
1978 01 89.5 18.5 21 
1978 02 68.9 15.6 20 
1978 03 120.2 11.9 27 
1978 04 80 29.6 14 
1978 05 16.7 8.1 12 
1978 06 46.3 7.5 18 
1978 07 82.1 42.5 15 
1978 08 94.6 25.6 14 
1978 09 45.6 9.8 16 
1978 10 46.6 12.4 13 
1978 11 90.6 11.9 21 
1978 12 114.7 14.8 22 
1979 01 75.3 16.4 21 
1979 02 64.7 21.3 17 
1979 03 94.2 16.7 27 
1979 04 81.9 14.9 21 
1979 05 112.8 22.7 25 
1979 06 65.9 12.1 17 
1979 07 21.8 6 14 
1979 08 117.6 19.6 26 
1979 09 70.1 20.6 20 
1979 10 94.7 20.7 25 
1979 11 155.5 24.3 25 
1979 12 159.5 22.6 24 
1980 01 73.3 10.2 19 
1980 02 82.6 11.5 20 
1980 03 76.4 13.5 20 
1980 04 25.4 8.2 11 
1980 05 28 7 10 
1980 06 75 13.2 27 
1980 07 100.4 18.1 21 
1980 08 114.1 22.1 21 
1980 09 122.5 20.6 22 
1980 10 127.8 20.6 24 
1980 11 103.5 25.5 16 
1980 12 116.5 20.1 23 
1981 01 67.2 14.9 18 
1981 02 77.3 22 17 
1981 03 106.7 16.7 26 
1981 04 15.6 3.1 10 
1981 05 141.4 18.6 24 
1981 06 60.8 13.6 16 
1981 07 34.8 7.5 19 
1981 08 27.2 8.1 11 
1981 09 126.3 23.4 22 
1981 10 83.9 13.4 22 
1981 11 68.9 14.4 17 
1981 12 66.4 12.6 19 
1982 01 76.2 19 21 
1982 02 85.4 21.3 19 
1982 03 118.2 12.9 20 
1982 04 16.1 7.2 6 
1982 05 72.5 10.4 21 
1982 06 131.2 26.9 17 
1982 07 22.3 6 9 
1982 08 89.6 14.8 23 
1982 09 74.8 20.7 21 
1982 10 129.5 16 25 
1982 11 133.2 20.6 26 
1982 12 144.9 26.3 23 
1983 01 134.2 23.3 23 
1983 02 72 28.8 18 
1983 03 72 7.4 22 
1983 04 56.1 8.8 21 
1983 05 88.7 13.4 22 
1983 06 47.4 12.5 12 
1983 07 12.6 5.1 8 
1983 08 46.3 15.3 12 
1983 09 106.1 15.8 19 
1983 10 145.7 27.7 20 
1983 11 44.6 27.4 10 
1983 12 129.8 33.4 21 
1984 01 193.8 25.8 25 
1984 02 94.6 23.1 13 
1984 03 34.5 24.4 12 
1984 04 46 19 10 
1984 05 27.5 10.5 11 
1984 06 33.4 6.7 12 
1984 07 35.2 10.2 9 
1984 08 65 21.6 14 
1984 09 82.3 10 22 
1984 10 96.2 18.5 23 
1984 11 105.7 14.1 20 
1984 12 89.9 14.2 20 
1985 01 34.1 11.3 13 
1985 02 33.6 12.1 11 
1985 03 91.1 19.6 19 
1985 04 56.3 14 16 
1985 05 71.4 15.6 14 
1985 06 74.6 15.2 16 
1985 07 94.8 34.1 18 
1985 08 181.4 31.3 30 
1985 09 69.1 14.8 19 
1985 10 53.3 12.5 11 
1985 11 46.9 9.1 14 
1985 12 90.7 11.7 23 
1986 01 137.9 14 27 
1986 02 0.8 0.4 2 
1986 03 128.8 17.8 27 
1986 04 56.4 10 18 
1986 05 106.4 24 24 
1986 06 91.5 23.6 18 
1986 07 40.8 7.4 21 
1986 08 113.7 35.3 20 
1986 09 10 3.9 6 
1986 10 96.4 15.4 21 
1986 11 109 16.8 22 
1986 12 155.9 18.1 26 
1987 01 39 9.4 9 
1987 02 52.6 11.4 15 
1987 03 69.6 11.8 23 
1987 04 53.7 7 18 
1987 05 20.9 3.1 17 
1987 06 109.2 23.9 23 
1987 07 41.7 12.6 16 
1987 08 37.7 10.9 11 
1987 09 102.6 20.1 21 
1987 10 104.2 13 23 
1987 11 69.6 14.6 17 
1987 12 56.6 8.1 17 
1988 01 173.1 18.8 29 
1988 02 97.1 15.3 17 
1988 03 110.5 22.3 27 
1988 04 32.5 13.8 13 
1988 05 62.4 10.3 13 
1988 06 45 21.1 6 
1988 07 133.1 16.8 26 
1988 08 111.2 23.2 22 
1988 09 80.9 23.8 19 
1988 10 115.1 25.9 22 
1988 11 47.3 12.3 16 
1988 12 70.9 18.5 17 
1989 01 84.2 18.5 19 
1989 02 94.3 15.2 23 
1989 03 126.6 16.2 27 
1989 04 58.1 20.1 19 
1989 05 23.8 5.9 9 
1989 06 56.8 15 13 
1989 07 16.8 4.7 8 
1989 08 69.1 9.1 21 
1989 09 51.5 16.7 9 
1989 10 129.5 17.3 24 
1989 11 53.2 8.9 17 
1989 12 77.7 16.2 13 
1990 01 125.8 22.6 25 
1990 02 204.5 33.5 25 
1990 03 32.6 7.7 16 
1990 04 55.5 13.1 15 
1990 05 22.2 11.5 7 
1990 06 72.6 19.7 22 
1990 07 46.4 15.7 14 
1990 08 67.7 11.9 20 
1990 09 25.8 7.9 15 
1990 10 157.8 23.2 25 
1990 11 66.4 15.8 16 
1990 12 144.4 21.6 17 
1991 01 85.3 16 19 
1991 02 92.3 19.3 16 
1991 03 72 16.8 16 
1991 04 97.4 12.9 21 
1991 05 10.1 3.5 5 
1991 06 86.4 13.2 25 
1991 07 56.6 11.5 18 
1991 08 60.3 23.8 14 
1991 09 61 18.6 15 
1991 10 84.8 15.8 21 
1991 11 113.8 21.5 22 
1991 12 59.1 15.7 13 
1992 01 66.3 24.5 8 
1992 02 54.3 7.8 19 
1992 03 105.6 20 23 
1992 04 76.6 11.3 20 
1992 05 35.2 8.5 16 
1992 06 28.5 9.1 9 
1992 07 69.6 20.2 20 
1992 08 154.9 22.3 27 
1992 09 75.8 21.6 18 
1992 10 61.7 14.4 17 
1992 11 98.9 16.5 25 
1992 12 88.4 12.1 15 
1993 01 88.1 7.4 25 
1993 02 16.5 4.9 10 
1993 03 49.5 8.9 18 
1993 04 84.4 14.4 20 
1993 05 92.8 19 18 
1993 06 71 16 19 
1993 07 68.2 12.9 17 
1993 08 53.1 23.1 16 
1993 09 113.4 33.2 17 
1993 10 43.5 14 12 
1993 11 60.1 7.4 18 
1993 12 217.6 18.8 30 
1994 01 164.8 17.7 25 
1994 02 111.6 24.5 18 
1994 03 133.5 17.1 30 
1994 04 112.6 14 18 
1994 05 77.3 12.9 23 
1994 06 65.4 16.8 15 
1994 07 73 9.6 20 
1994 08 76.4 22.1 19 
1994 09 62.1 13.1 21 
1994 10 65.9 16.1 16 
1994 11 70.6 10 21 
1994 12 181.1 25.1 24 
1995 01 191 29.1 28 
1995 02 160.9 21.9 26 
1995 03 104.1 12.6 23 
1995 04 26.8 6.9 10 
1995 05 67.4 17.3 18 
1995 06 23.2 9.1 6 
1995 07 128.6 39.5 19 
1995 08 4.2 1.3 5 
1995 09 44.7 17.1 14 
1995 10 107.2 18.2 21 
1995 11 101.7 22.1 21 
1995 12 73 20.4 13 
1996 01 69.2 12.2 19 
1996 02 117.4 16 17 
1996 03 91.6 19.3 14 
1996 04 58 15.7 17 
1996 05 46.9 12.1 15 
1996 06 22.2 6.2 12 
1996 07 59.2 15.3 17 
1996 08 84.5 22.7 18 
1996 09 34.4 18.4 10 
1996 10 144.9 22 26 
1996 11 121.7 26.6 23 
1996 12 28.7 16.4 10 
1997 01 37 10.4 8 
1997 02 111.7 13 25 
1997 03 19.1 4.5 15 
1997 04 43.4 28.8 8 
1997 05 60.1 18.9 18 
1997 06 121.7 28 15 
1997 07 70.6 14.8 16 
1997 08 229.5 46 25 
1997 09 44.8 8.9 18 
1997 10 108.5 29.6 15 
1997 11 72.6 18.2 24 
1997 12 108.4 23.5 22 
1998 01 130 15.4 20 
1998 02 35.3 8.3 16 
1998 03 96.4 16.3 18 
1998 04 100.8 20.5 25 
1998 05 34.7 8.7 13 
1998 06 123.5 21.3 20 
1998 07 64.5 12.2 20 
1998 08 78.6 18.6 15 
1998 09 93 21.3 22 
1998 10 147.1 16.7 25 
1998 11 124 21.1 26 
1998 12 118.8 17 26 
1999 01 122.6 18.7 23 
1999 02 78 18.2 23 
1999 03 53.1 12.4 18 
1999 04 66.9 16.1 23 
1999 05 84.4 25 15 
1999 06 56.3 16.3 15 
1999 07 49.7 15.9 14 
1999 08 60.6 6.8 23 
1999 09 150.1 19.1 21 
1999 10 57.9 21.8 19 
1999 11 94.2 26.9 20 
1999 12 219.5 24.1 28 
2000 01 83.6 19.1 18 
2000 02 118.3 17.8 27 
2000 03 42 9.1 14 
2000 04 57.5 12.4 15 
2000 05 66 14 15 
2000 06 64.3 17.6 19 
2000 07 96.9 39 17 
2000 08 79.4 13.4 19 
2000 09 97.2 11.4 24 
2000 10 182.6 26.2 27 
2000 11 130.9 22.1 28 
2000 12 81.6 9.9 20 
2001 01 47.6 6.9 17 
2001 02 54.3 17.9 15 
2001 03 75.7 13.3 21 
2001 04 96.7 11.8 21 
2001 05 34.5 8.5 10 
2001 06 61.6 11.2 15 
2001 07 75 17.1 17 
2001 08 62.5 9 19 
2001 09 50 15.8 15 
2001 10 116.2 15.1 19 
2001 11 65.3 14.1 22 
2001 12 50.4 14.9 13 
2002 01 129.9 17 23 
2002 02 177.2 24.1 25 
2002 03 41.2 10.9 15 
2002 04 74.9 14.2 18 
2002 05 95.9 10.3 23 
2002 06 78.4 9.3 20 
2002 07 45 6.1 16 
2002 08 57.6 13.5 18 
2002 09 16.3 4.8 6 
2002 10 129.7 30 23 
2002 11 135.3 14.6 24 
2002 12 89.3 23.1 16 
2003 01 43.6 10.3 14 
2003 02 52.6 13.9 16 
2003 03 54.5 14.4 12 
2003 04 43.2 12.4 10 
2003 05 91.5 11.3 26 
2003 06 105.6 32.5 15 
2003 07 76.5 20.9 18 
2003 08 11.1 3.8 8 
2003 09 37.3 10.7 13 
2003 10 50.6 13.1 11 
2003 11 111.4 23.3 25 
2003 12 94.2 16.4 18 
2004 01 107.5 16.4 25 
2004 02 28.1 6.5 13 
2004 03 69 14.3 19 
2004 04 43.9 8.8 18 
2004 05 35.8 16.4 10 
2004 06 68.3 25.4 16 
2004 07 66.6 9.8 17 
2004 08 88.1 15.8 19 
2004 09 98.3 17.1 22 
2004 10 139.1 19.3 23 
2004 11 66.6 11.1 20 
2004 12 90.9 21.2 22 
2005 01 123.4 38.2 24 
2005 02 50.1 14 16 
2005 03 57 12.9 19 
2005 04 91.3 14.9 22 
2005 05 92.5 18.3 16 
2005 06 55.3 16.4 14 
2005 07 43.9 11.3 17 
2005 08 71.4 18.9 18 
2005 09 81 21.7 18 
2005 10 103.9 22.4 18 
2005 11 80.5 10 19 
2005 12 64.4 8.9 20 
2006 01 53.8 20.1 17 
2006 02 38.3 10.1 12 
2006 03 104.9 18.8 18 
2006 04 31.3 5.8 18 
2006 05 125.8 15.8 23 
2006 06 19.2 4.4 9 
2006 07 28.5 9.8 14 
2006 08 42.4 9 17 
2006 09 148.4 37.7 21 
2006 10 93.5 36.9 20 
2006 11 115.2 15.2 25 
2006 12 170.3 17 24 
2007 01 90.2 20.2 20 
2007 02 71.9 20 21 
2007 03 62.1 15.1 18 
2007 04 11.7 5.2 6 
2007 05 65.8 9.4 20 
2007 06 107 17.5 18 
2007 07 93.5 10.1 25 
2007 08 100.8 27.7 19 
2007 09 51.4 13.4 14 
2007 10 44.3 8.8 12 
2007 11 56.9 24 15 
2007 12 163.4 33.5 18 
2008 01 223.9 21.1 26 
2008 02 58 14.3 14 
2008 03 102.9 17.8 24 
2008 04 49.2 17.1 15 
2008 05 35.9 8.5 14 
2008 06 110.8 22.1 22 
2008 07 100.8 38 18 
2008 08 176.6 51 25 
2008 09 86.4 15 18 
2008 10 156.4 23.1 25 
2008 11 92.2 21.8 20 
2008 12 75.1 19.8 18 
2009 01 120.5 15 22 
2009 02 15.7 3.1 12 
2009 03 63.9 14.3 17 
2009 04 90.9 18.6 23 
2009 05 98.8 15.3 21 
2009 06 58.5 27.9 14 
2009 07 116.1 16.3 27 
2009 08 119.3 23.8 24 
2009 09 56.9 20.7 12 
2009 10 106.9 21.8 21 
2009 11 245.6 20.4 27 
2009 12 70.4 17 20 
2010 01 30.8 7.2 14 
2010 02 35.1 8.7 14 
2010 03 81.9 21.5 17 
2010 04 72.8 40.2 10 
2010 05 54.3 11.7 13 
2010 06 36.2 13.1 9 
2010 07 121.3 16.9 25 
2010 08 37.7 7.5 16 
2010 09 139.8 52.3 22 
2010 10 77.4 12.8 19 
2010 11 131.8 22 20 
2010 12 26 9.5 8 
2011 01 74.6 19.6 15 
2011 02 148.5 33.8 24 
2011 03 34.7 10.8 10 
2011 04 41.8 7.9 12 
2011 05 93.3 17.5 27 
2011 06 112.5 24.2 19 
2011 07 31.7 9.8 12 
2011 08 54.1 14.2 18 
2011 09 91.1 11.9 24 
2011 10 98.3 16.4 27 
2011 11 87.5 27.7 21 
2011 12 145.1 15.5 30 