1962 01 153.9 28.7 24 
1962 02 48.1 11.2 20 
1962 03 98.7 16.1 22 
1962 04 68.9 17.7 14 
1962 05 50.3 12.5 16 
1962 06 56.2 10.4 16 
1962 07 42.7 9.8 15 
1962 08 105.6 17.7 24 
1962 09 130.3 28.2 22 
1962 10 59.3 19.9 13 
1962 11 145.3 22.8 18 
1962 12 98.2 21.5 22 
1963 01 21 5.3 10 
1963 02 30.8 8.5 13 
1963 03 141.3 19.4 22 
1963 04 72.5 19.3 23 
1963 05 106.9 21.2 22 
1963 06 51.2 15 13 
1963 07 98.2 28.2 22 
1963 08 98.6 17.7 25 
1963 09 88.4 19.5 18 
1963 10 116.4 12.1 24 
1963 11 174.1 33.2 24 
1963 12 58.9 14.3 15 
1964 01 78.5 22.8 17 
1964 02 29.8 4.2 17 
1964 03 44.5 10.9 13 
1964 04 59.5 6.9 27 
1964 05 84.4 11.1 19 
1964 06 71.9 14.5 19 
1964 07 74.5 15.9 20 
1964 08 86 24.3 19 
1964 09 144.5 19.9 24 
1964 10 120.3 16.4 24 
1964 11 99.1 11.9 19 
1964 12 146.8 25 25 
1965 01 166.6 26.2 22 
1965 02 17.9 3.3 12 
1965 03 84.7 11 21 
1965 04 84.7 12.4 27 
1965 05 63 11.8 18 
1965 06 106.8 26.1 21 
1965 07 35.3 5.2 17 
1965 08 108.3 23 23 
1965 09 91.8 14.9 22 
1965 10 94.4 23 16 
1965 11 126.7 23.3 22 
1965 12 136 10.6 29 
1966 01 77.6 21.9 15 
1966 02 114.5 20.5 25 
1966 03 84.8 20.6 23 
1966 04 96.6 12.8 20 
1966 05 95 14.3 20 
1966 06 90.8 17.3 18 
1966 07 73.7 15.6 21 
1966 08 70.7 14.8 18 
1966 09 102.8 24.7 16 
1966 10 76.7 11.6 26 
1966 11 129.3 28.5 24 
1966 12 199.2 31.2 30 
1967 01 95.3 14.8 26 
1967 02 107 16 20 
1967 03 85.2 10.5 27 
1967 04 53.2 13.8 17 
1967 05 86.4 12.5 19 
1967 06 49.1 16.1 14 
1967 07 80.1 33.2 24 
1967 08 114.3 19.2 23 
1967 09 107.7 11.5 24 
1967 10 188.7 17.9 30 
1967 11 93.9 13.4 24 
1967 12 82.8 12.7 29 
1968 01 127.3 19.5 24 
1968 02 62.4 15.4 13 
1968 03 106 13.6 27 
1968 04 51 10.7 19 
1968 05 54.5 18.7 17 
1968 06 61.2 11.8 20 
1968 07 38.7 13.4 14 
1968 08 68.3 14.8 12 
1968 09 109.3 22.4 21 
1968 10 151.5 17.8 23 
1968 11 109.8 56.4 19 
1968 12 107 19.2 21 
1969 01 129 18.8 25 
1969 02 85.4 12.4 18 
1969 03 42.4 15.6 13 
1969 04 51.5 7.5 20 
1969 05 40.6 4.8 22 
1969 06 77.7 9.9 17 
1969 07 33.9 7.9 17 
1969 08 61.2 11.2 21 
1969 09 58.3 13.6 19 
1969 10 116 20.7 25 
1969 11 166.3 39.6 29 
1969 12 130.1 16.4 25 
1970 01 80.8 12.3 24 
1970 02 157.7 17.3 25 
1970 03 76.9 9.2 27 
1970 04 75.6 7.6 26 
1970 05 31.5 6 17 
1970 06 74.2 24.6 13 
1970 07 71.1 11.1 26 
1970 08 58.6 23.8 14 
1970 09 196.7 37.1 25 
1970 10 142.8 19.5 26 
1970 11 140.8 12.7 27 
1970 12 77.4 12.4 19 
1971 01 117.7 15.5 23 
1971 02 81.9 10.3 20 
1971 03 47.1 8 19 
1971 04 28.7 5.3 14 
1971 05 43.1 9.6 18 
1971 06 92.4 24.4 19 
1971 07 41.7 18 11 
1971 08 116.7 36.6 20 
1971 09 62.8 13.2 13 
1971 10 95.3 19.5 21 
1971 11 149.1 23.4 27 
1971 12 47.3 11 18 
1972 01 66.9 9.2 20 
1972 02 75 10.2 20 
1972 03 86.7 16.3 20 
1972 04 98.5 14.8 18 
1972 05 96.6 14.9 23 
1972 06 58.6 9.6 25 
1972 07 50.8 17.8 16 
1972 08 52.4 11.5 16 
1972 09 38.1 21.7 8 
1972 10 65.8 11.6 16 
1972 11 109.7 23.4 26 
1972 12 159.2 26.1 27 
1973 01 123 16.6 20 
1973 02 100.5 11.5 27 
1973 03 57.9 8.1 16 
1973 04 46.5 13.1 17 
1973 05 85.7 14.8 23 
1973 06 54.2 11.7 18 
1973 07 58.7 9.4 18 
1973 08 119.6 19.3 20 
1973 09 97.2 18.8 22 
1973 10 68.4 12.9 20 
1973 11 147.8 31.9 27 
1973 12 130.2 25.3 27 
1974 01 205.4 18.3 29 
1974 02 112.9 20 22 
1974 03 58.3 9.3 16 
1974 04 19.5 4.7 7 
1974 05 56.8 9.1 20 
1974 06 70.1 29.2 16 
1974 07 84 13.3 21 
1974 08 112.2 15.9 25 
1974 09 172.6 20.2 28 
1974 10 82.4 15.7 23 
1974 11 127.8 21.2 23 
1974 12 118.4 15.5 31 
1975 01 210.7 22.2 30 
1975 02 28.7 6 10 
1975 03 42.7 6.9 21 
1975 04 60.9 7.8 23 
1975 05 14.9 4.4 7 
1975 06 29.4 9.1 14 
1975 07 87.8 17.6 19 
1975 08 70.4 13.4 19 
1975 09 139.8 18.7 25 
1975 10 104.8 20.7 23 
1975 11 95.8 13 23 
1975 12 62 13.5 26 
1976 01 133.2 26.1 26 
1976 02 51.8 12.8 14 
1976 03 114 25.9 24 
1976 04 30.2 6.2 11 
1976 05 116.3 13.4 26 
1976 06 59.2 17.5 19 
1976 07 59.6 17.9 22 
1976 08 12 5 8 
1976 09 63.8 16.6 18 
1976 10 102.6 13.1 21 
1976 11 136.2 24.8 23 
1976 12 116.3 16.4 25 
1977 01 109.6 23.1 21 
1977 02 82.9 11.9 21 
1977 03 135.1 16.5 25 
1977 04 68 9.4 28 
1977 05 20.4 5.1 9 
1977 06 44.2 10.7 15 
1977 07 63.7 14.3 18 
1977 08 140.4 57.3 16 
1977 09 64.4 7.9 17 
1977 10 180 35.6 27 
1977 11 125 14.3 23 
1977 12 70.1 16.4 20 
1978 01 115 15.3 29 
1978 02 68.8 15.2 19 
1978 03 153.8 18.5 27 
1978 04 25.4 5.7 11 
1978 05 38.5 11.3 13 
1978 06 67.4 11.2 20 
1978 07 60.5 7.6 21 
1978 08 80 19.7 14 
1978 09 122.2 28.3 25 
1978 10 70.1 13.2 21 
1978 11 164.5 29.2 23 
1978 12 146.3 22 23 
1979 01 120.7 18.6 25 
1979 02 42.9 9.8 14 
1979 03 121.6 24.3 26 
1979 04 63.6 9.2 21 
1979 05 123.4 26.3 26 
1979 06 49 13.4 17 
1979 07 53 15.5 17 
1979 08 118.2 20.4 24 
1979 09 84.6 10.8 24 
1979 10 146.3 39.1 22 
1979 11 158.8 38.8 30 
1979 12 131.2 17.3 30 
1980 01 91.7 14.2 22 
1980 02 86.3 12.1 22 
1980 03 90.9 10.1 25 
1980 04 12.6 5.5 13 
1980 05 28.4 6.4 11 
1980 06 78.6 10.9 25 
1980 07 103.4 27.5 21 
1980 08 39.3 6 17 
1980 09 160.1 20.6 26 
1980 10 139.5 20.1 27 
1980 11 161.1 40.3 22 
1980 12 165.5 22.6 27 
1981 01 79.6 18.6 22 
1981 02 69.6 23.5 20 
1981 03 163.5 21.3 26 
1981 04 43 14.7 13 
1981 05 114 18 25 
1981 06 69.4 16 21 
1981 07 72 17.3 25 
1981 08 55.6 11 15 
1981 09 179.9 40.4 25 
1981 10 160.5 19.6 29 
1981 11 113.5 23.2 27 
1981 12 86.7 12.2 20 
1982 01 78.9 16.1 17 
1982 02 111 16.2 22 
1982 03 135.5 20.9 20 
1982 04 26.3 9.2 16 
1982 05 74.9 10 21 
1982 06 71.4 20.5 17 
1982 07 24.8 9.5 10 
1982 08 98.4 14.9 25 
1982 09 94.9 18.4 22 
1982 10 160.8 24.5 29 
1982 11 138.5 11.4 27 
1982 12 155.9 18.3 28 
1983 01 137.2 21.7 27 
1983 02 46 9.4 16 
1983 03 87.5 10.5 23 
1983 04 55.9 8 22 
1983 05 87.8 10.9 19 
1983 06 32.4 8.5 14 
1983 07 38.5 12.8 9 
1983 08 44.3 7 16 
1983 09 109.5 27.2 23 
1983 10 157.7 23.4 23 
1983 11 42.5 11.1 19 
1983 12 150.4 32.2 24 
1984 01 195.7 21.2 29 
1984 02 87.6 18.7 20 
1984 03 47.5 8.5 16 
1984 04 30.5 5.3 15 
1984 05 39.4 7.7 15 
1984 06 72.4 22.1 15 
1984 07 49.3 23 9 
1984 08 51.9 12.7 16 
1984 09 92.9 14.2 24 
1984 10 200.4 34.2 29 
1984 11 245.1 30.1 22 
1984 12 129.4 14 26 
1985 01 84.2 30.3 14 
1985 02 28.8 6.6 10 
1985 03 104.9 19.4 23 
1985 04 82 20.4 22 
1985 05 118.8 26.5 16 
1985 06 56.4 15.6 19 
1985 07 80.4 13.1 23 
1985 08 224.8 41.6 28 
1985 09 205.5 56.1 21 
1985 10 70.1 18.2 16 
1985 11 87.7 13.8 24 
1985 12 152.2 20.4 30 
1986 01 124.7 12.3 29 
1986 02 4.2 3.6 3 
1986 03 163.1 14 29 
1986 04 96 15 21 
1986 05 150.9 14.2 29 
1986 06 95.6 35.2 20 
1986 07 93.5 15.9 28 
1986 08 114.7 30.2 21 
1986 09 24.8 7.7 11 
1986 10 169.3 29.5 22 
1986 11 180.3 17.4 29 
1986 12 226.7 40.5 29 
1987 01 57.8 11.5 16 
1987 02 70.1 13.1 17 
1987 03 117.1 25.4 24 
1987 04 50.6 13.1 16 
1987 05 41.8 12 15 
1987 06 81.5 10.4 23 
1987 07 97.6 44.9 18 
1987 08 101.2 28.8 21 
1987 09 126.7 26.6 22 
1987 10 140.2 46.4 26 
1987 11 91.5 15.4 19 
1987 12 106.6 16.1 19 
1988 01 220.5 25 30 
1988 02 126.6 21.7 26 
1988 03 116.3 11.9 29 
1988 04 45.4 7 16 
1988 05 66.6 16.5 18 
1988 06 34 12.9 9 
1988 07 140.2 14.2 26 
1988 08 146.9 30.9 24 
1988 09 119.3 32.9 19 
1988 10 126.5 20.8 22 
1988 11 75.4 15.8 16 
1988 12 65.2 14.2 20 
1989 01 142.6 23.5 21 
1989 02 152.4 13.3 27 
1989 03 134.2 13.8 28 
1989 04 62.7 6.2 23 
1989 05 33.2 7.8 12 
1989 06 85.8 19.6 19 
1989 07 24.7 5.6 14 
1989 08 167.2 24.8 26 
1989 09 60.9 17.5 16 
1989 10 259.5 67.5 29 
1989 11 88.3 20.9 16 
1989 12 91.2 21.6 16 
1990 01 214.9 32.2 30 
1990 02 236 24.2 26 
1990 03 94.5 15.7 26 
1990 04 90.5 12.2 22 
1990 05 19.6 3.6 10 
1990 06 113.9 21.8 19 
1990 07 77.5 13.3 17 
1990 08 77.9 8.1 26 
1990 09 54.2 14.4 17 
1990 10 225.8 24.9 27 
1990 11 96.1 16.5 21 
1990 12 145.8 16.8 22 
1991 01 121.3 22.5 21 
1991 02 86.3 11.9 19 
1991 03 87.9 20.1 17 
1991 04 140.3 22 21 
1991 05 19.6 5.2 11 
1991 06 84.8 24.4 22 
1991 07 84.2 15.9 20 
1991 08 42.3 9.2 15 
1991 09 91.4 17.1 19 
1991 10 124.8 30.5 22 
1991 11 180 19.7 26 
1991 12 88.1 12.7 16 
1992 01 85.3 28.9 16 
1992 02 128.2 16.2 24 
1992 03 128 13.1 28 
1992 04 96.4 9.6 26 
1992 05 42.4 7 19 
1992 06 38.2 15.2 13 
1992 07 117.7 21.4 20 
1992 08 234.8 36 29 
1992 09 142.7 52.1 22 
1992 10 140.7 20.4 24 
1992 11 176.8 21.4 29 
1992 12 116 30.9 26 
1993 01 228.4 20.9 29 
1993 02 31.5 5.7 19 
1993 03 83 12.3 21 
1993 04 97.6 13.4 20 
1993 05 99 36.3 16 
1993 06 74.4 15.9 17 
1993 07 61.7 6.5 27 
1993 08 57.1 14.6 18 
1993 09 71.2 20.6 17 
1993 10 56.8 18.9 16 
1993 11 91.9 20.8 20 
1993 12 236.3 26.9 31 
1994 01 171.4 23.2 30 
1994 02 114.9 13.9 18 
1994 03 157.6 21.5 30 
1994 04 107.3 16.9 23 
1994 05 66.9 20.7 13 
1994 06 72.2 10.2 20 
1994 07 66.8 20.1 18 
1994 08 104 30.2 17 
1994 09 95.3 19.5 24 
1994 10 63.6 11.2 18 
1994 11 99.2 14.2 24 
1994 12 196.2 16.6 29 
1995 01 191.9 23.3 27 
1995 02 156.8 21.6 27 
1995 03 124.4 15.4 29 
1995 04 48.5 8.9 17 
1995 05 53.6 9.3 22 
1995 06 29.1 8.3 10 
1995 07 93.3 24.1 17 
1995 08 17.7 4.6 9 
1995 09 78 19.5 22 
1995 10 249 40 27 
1995 11 102.7 21.4 24 
1995 12 58.9 12.4 13 
1996 01 100.6 27.6 19 
1996 02 122.6 20.3 19 
1996 03 56.8 13.5 15 
1996 04 81.3 12.8 21 
1996 05 69.2 11.3 19 
1996 06 52.5 12.3 16 
1996 07 69.1 15.1 21 
1996 08 101.5 17.3 20 
1996 09 52.5 18.6 13 
1996 10 178.8 27.8 30 
1996 11 164.3 21.2 28 
1996 12 83.5 21.1 15 
1997 01 44.2 9.7 17 
1997 02 186.6 17.5 27 
1997 03 65.1 14.5 21 
1997 04 31.7 15.4 9 
1997 05 91.2 16.8 20 
1997 06 97.8 37.1 17 
1997 07 107.9 29 22 
1997 08 94.9 25.6 22 
1997 09 106.5 27.8 19 
1997 10 119.4 20.7 16 
1997 11 128.3 20.4 28 
1997 12 196.2 22.9 24 
1998 01 164.5 30.5 23 
1998 02 112.5 21.2 26 
1998 03 84.2 14.1 20 
1998 04 82 8.2 29 
1998 05 37.2 8.6 19 
1998 06 110.6 19.3 24 
1998 07 99.3 21.5 25 
1998 08 127 39.2 22 
1998 09 45.9 9.7 19 
1998 10 161.1 23.8 27 
1998 11 161.1 18.8 27 
1998 12 147.8 16.6 28 
1999 01 157.9 22.8 29 
1999 02 92.8 13.7 25 
1999 03 87 11.4 25 
1999 04 101.1 15 20 
1999 05 49.8 12.1 17 
1999 06 74.1 17.5 18 
1999 07 62.1 10.5 16 
1999 08 126.4 26.5 21 
1999 09 126.5 23.7 25 
1999 10 76.7 11.6 21 
1999 11 164.3 43 22 
1999 12 256.7 33.9 28 
2000 01 111.8 17.3 27 
2000 02 147.4 16.7 27 
2000 03 44.3 7.4 19 
2000 04 82.5 10.4 23 
2000 05 45.4 10.6 17 
2000 06 53.8 12.5 19 
2000 07 30.6 6.7 13 
2000 08 137.4 32.9 21 
2000 09 133.7 19.6 26 
2000 10 257.7 26.5 29 
2000 11 148.6 14.2 30 
2000 12 148.7 25.6 25 
2001 01 65.2 8.2 21 
2001 02 56.2 12.9 21 
2001 03 72.9 12 21 
2001 04 78.1 10.5 25 
2001 05 27.1 8 14 
2001 06 66.5 15.1 17 
2001 07 113.6 20.5 22 
2001 08 122.7 22.7 24 
2001 09 69.4 16.3 16 
2001 10 121.9 16.7 22 
2001 11 108.1 13.6 23 
2001 12 86.4 23.6 18 
2002 01 126.3 17.5 25 
2002 02 163.6 15.3 26 
2002 03 75.9 15.7 21 
2002 04 66.9 10.5 18 
2002 05 125.7 12.5 26 
2002 06 150.9 26.4 27 
2002 07 74.7 15.2 18 
2002 08 75.5 21.6 17 
2002 09 34.1 10 13 
2002 10 171.8 35 24 
2002 11 168.2 16.2 29 
2002 12 84 14.7 19 
2003 01 83 15.4 21 
2003 02 56.8 9.1 17 
2003 03 96.6 21.6 12 
2003 04 34.8 10.6 10 
2003 05 130 18.1 26 
2003 06 63.3 15.6 16 
2003 07 118.7 18 25 
2003 08 25 4.9 15 
2003 09 95.2 17 28 
2003 10 72.1 13.3 19 
2003 11 167.1 25.6 26 
2003 12 129.4 28.6 21 
2004 01 148.5 25.6 28 
2004 02 63 12.9 17 
2004 03 97.9 16.7 22 
2004 04 87.4 15.3 26 
2004 05 37.4 15.3 14 
2004 06 87.1 26.7 24 
2004 07 77.1 12 24 
2004 08 55.4 9.7 21 
2004 09 126.2 21.2 23 
2004 10 142 21.5 24 
2004 11 66.7 12.6 22 
2004 12 144.1 18.7 29 
2005 01 203.5 44.7 29 
2005 02 61.9 13.7 22 
2005 03 39.6 11.7 18 
2005 04 96.1 15.9 20 
2005 05 106.4 27.8 19 
2005 06 68.1 12.2 21 
2005 07 32.3 6.2 16 
2005 08 88 13.7 21 
2005 09 144.4 20.4 21 
2005 10 138 33 23 
2005 11 115.7 11.5 23 
2005 12 125.5 28.8 27 
2006 01 110.8 24.9 17 
2006 02 86.5 21.3 14 
2006 03 101.3 19.8 22 
2006 04 75.2 12.4 24 
2006 05 123.2 16.1 21 
2006 06 36.1 9.5 12 
2006 07 71 24 17 
2006 08 32.9 6.4 19 
2006 09 194.7 57 26 
2006 10 135.8 19.5 24 
2006 11 184.9 19.8 24 
2006 12 247.1 36.3 25 
2007 01 148.4 18.5 29 
2007 02 76.6 11.6 22 
2007 03 100.1 17.8 23 
2007 04 54.7 23.7 9 
2007 05 73.7 13.9 23 
2007 06 71.9 16.8 18 
2007 07 102 11.6 20 
2007 08 88.9 12.7 20 
2007 09 59.9 21.6 20 
2007 10 106.7 22 20 
2007 11 111.2 25.3 25 
2007 12 145.7 19.4 22 
2008 01 171.5 20 25 
2008 02 116.4 31.3 20 
2008 03 157.4 19.2 28 
2008 04 67.7 11.4 22 
2008 05 40.2 19.2 12 
2008 06 127.6 38.9 19 
2008 07 44.3 12.7 22 
2008 08 192.1 49.5 25 
2008 09 112.4 16.2 20 
2008 10 177.5 23 29 
2008 11 136.2 18.8 26 
2008 12 94.8 13.7 19 
2009 01 142.6 15.5 24 
2009 02 46 7.1 18 
2009 03 90.5 14.1 23 
2009 04 114.8 25.9 19 
2009 05 81.3 11.8 22 
2009 06 49 13.7 16 
2009 07 113.3 16.6 28 
2009 08 180.8 20.9 26 
2009 09 45.6 15.4 15 
2009 10 114.5 17.9 22 
2009 11 208.5 20.6 29 
2009 12 127.9 16.5 25 
2010 01 106.5 18.6 23 
2010 02 81.1 18.1 18 
2010 03 58.4 16.2 17 
2010 04 56.3 14.7 14 
2010 05 38.1 15.3 16 
2010 06 40.9 24.1 13 
2010 07 134.4 33.2 29 
2010 08 71.5 12.6 21 
2010 09 151.9 25.6 22 
2010 10 82.7 12 22 
2010 11 197.8 36.8 25 
2010 12 87.3 14.7 22 
2011 01 69.2 13.8 20 
2011 02 149.4 31.2 23 
2011 03 66.2 12.5 18 
2011 04 73.4 15.6 13 
2011 05 133.5 14.1 28 
2011 06 80.5 19.4 19 
2011 07 42.4 9.1 18 
2011 08 74.4 17.7 23 
2011 09 175.1 18.9 27 
2011 10 195.2 24.9 31 
2011 11 130.9 15.5 21 
2011 12 176.8 15.9 30 
